  -0.1457762E-03   0.1310194E+02   0.4144285E-01   0.2961335E-08   0.3250640E-08   0.5486906E+07   0.3941688E+03
  -0.1411483E-03   0.3219223E+02   0.1018275E+00   0.3613167E-08   0.3637516E-08   0.5486340E+07   0.2902393E+03
  -0.1365205E-03   0.5497774E+02   0.1739006E+00   0.4665051E-08   0.5428971E-08   0.5485642E+07   0.1966986E+03
  -0.1318927E-03   0.7522953E+02   0.2379592E+00   0.5576549E-08   0.5376925E-08   0.5485153E+07   0.1903591E+03
  -0.1272649E-03   0.1003215E+03   0.3173279E+00   0.6486601E-08   0.7265225E-08   0.5484523E+07   0.1858308E+03
  -0.1226371E-03   0.1093395E+03   0.3458529E+00   0.5907766E-08   0.8735685E-08   0.5483940E+07   0.1627926E+03
  -0.1180093E-03   0.1403102E+03   0.4438163E+00   0.7148986E-08   0.8294421E-08   0.5483366E+07   0.1444217E+03
  -0.1133815E-03   0.1585025E+03   0.5013608E+00   0.8264069E-08   0.9495036E-08   0.5482854E+07   0.1625890E+03
  -0.1087536E-03   0.1776134E+03   0.5618106E+00   0.9048143E-08   0.9876008E-08   0.5482283E+07   0.1551986E+03
  -0.1041258E-03   0.2032645E+03   0.6429478E+00   0.1011701E-07   0.9887470E-08   0.5481753E+07   0.1483779E+03
  -0.9949801E-04   0.1993694E+03   0.6306272E+00   0.9739662E-08   0.1060861E-07   0.5481182E+07   0.1425402E+03
  -0.9487020E-04   0.2387800E+03   0.7552872E+00   0.9666198E-08   0.1122788E-07   0.5480579E+07   0.1364488E+03
  -0.9024238E-04   0.2575890E+03   0.8147819E+00   0.1046196E-07   0.1113787E-07   0.5480063E+07   0.1330834E+03
  -0.8561457E-04   0.2547350E+03   0.8057546E+00   0.9821145E-08   0.1234884E-07   0.5479477E+07   0.1162601E+03
  -0.8098675E-04   0.2816876E+03   0.8910085E+00   0.1019972E-07   0.1319759E-07   0.5478929E+07   0.1055019E+03
  -0.7635894E-04   0.3157843E+03   0.9988602E+00   0.1092253E-07   0.1274633E-07   0.5478350E+07   0.1071963E+03
  -0.7173113E-04   0.2962284E+03   0.9370025E+00   0.1136816E-07   0.1371632E-07   0.5477798E+07   0.1156372E+03
  -0.6710331E-04   0.3369991E+03   0.1065965E+01   0.1219045E-07   0.1281590E-07   0.5477212E+07   0.1177903E+03
  -0.6247550E-04   0.3485696E+03   0.1102563E+01   0.1182173E-07   0.1288348E-07   0.5476661E+07   0.1154806E+03
  -0.5784768E-04   0.3434392E+03   0.1086336E+01   0.1268929E-07   0.1357320E-07   0.5476053E+07   0.1203519E+03
  -0.5321987E-04   0.3599879E+03   0.1138681E+01   0.1302125E-07   0.1361056E-07   0.5475448E+07   0.1082960E+03
  -0.4859205E-04   0.3891822E+03   0.1231026E+01   0.1290077E-07   0.1279372E-07   0.5474870E+07   0.1001756E+03
  -0.4396424E-04   0.4133239E+03   0.1307388E+01   0.1278489E-07   0.1402114E-07   0.5474333E+07   0.9370474E+02
  -0.3933642E-04   0.4006791E+03   0.1267392E+01   0.1325455E-07   0.1420149E-07   0.5473759E+07   0.8857439E+02
  -0.3470861E-04   0.4067224E+03   0.1286507E+01   0.1311412E-07   0.1415491E-07   0.5473163E+07   0.9543032E+02
  -0.3008079E-04   0.4114616E+03   0.1301498E+01   0.1366244E-07   0.1400871E-07   0.5472558E+07   0.9966293E+02
  -0.2545298E-04   0.4571525E+03   0.1446023E+01   0.1343323E-07   0.1419005E-07   0.5471974E+07   0.8464106E+02
  -0.2082517E-04   0.4583592E+03   0.1449840E+01   0.1304185E-07   0.1477458E-07   0.5471403E+07   0.8649959E+02
  -0.1619735E-04   0.4309414E+03   0.1363114E+01   0.1334697E-07   0.1487537E-07   0.5470825E+07   0.9457543E+02
  -0.1156954E-04   0.4484083E+03   0.1418364E+01   0.1445209E-07   0.1409964E-07   0.5470196E+07   0.9510935E+02
  -0.6941722E-05   0.4794565E+03   0.1516573E+01   0.1443102E-07   0.1431766E-07   0.5469610E+07   0.8172116E+02
  -0.2313907E-05   0.4565564E+03   0.1444138E+01   0.1455936E-07   0.1496391E-07   0.5469012E+07   0.8112359E+02
   0.2313907E-05   0.4933506E+03   0.1560522E+01   0.1485857E-07   0.1471327E-07   0.5468419E+07   0.8086108E+02
   0.6941722E-05   0.4670173E+03   0.1477227E+01   0.1396003E-07   0.1477373E-07   0.5467841E+07   0.7851491E+02
   0.1156954E-04   0.4861051E+03   0.1537603E+01   0.1394692E-07   0.1419281E-07   0.5467221E+07   0.8046001E+02
   0.1619735E-04   0.4670823E+03   0.1477432E+01   0.1469056E-07   0.1400303E-07   0.5466621E+07   0.8531328E+02
   0.2082517E-04   0.4927300E+03   0.1558559E+01   0.1389327E-07   0.1379839E-07   0.5466000E+07   0.8008801E+02
   0.2545298E-04   0.4753113E+03   0.1503461E+01   0.1450280E-07   0.1424089E-07   0.5465421E+07   0.8111092E+02
   0.3008079E-04   0.4814733E+03   0.1522952E+01   0.1464232E-07   0.1466821E-07   0.5464819E+07   0.8839266E+02
   0.3470861E-04   0.4962948E+03   0.1569834E+01   0.1433276E-07   0.1438390E-07   0.5464232E+07   0.8302505E+02
   0.3933642E-04   0.4719619E+03   0.1492867E+01   0.1467814E-07   0.1449109E-07   0.5463649E+07   0.8642208E+02
   0.4396424E-04   0.4826972E+03   0.1526824E+01   0.1381110E-07   0.1456149E-07   0.5463051E+07   0.9453792E+02
   0.4859205E-04   0.4578584E+03   0.1448256E+01   0.1466438E-07   0.1439739E-07   0.5462433E+07   0.1052821E+03
   0.5321987E-04   0.4725032E+03   0.1494579E+01   0.1393781E-07   0.1329552E-07   0.5461839E+07   0.9896256E+02
   0.5784768E-04   0.4616850E+03   0.1460360E+01   0.1379626E-07   0.1394638E-07   0.5461243E+07   0.1005883E+03
   0.6247550E-04   0.4380175E+03   0.1385497E+01   0.1372780E-07   0.1311899E-07   0.5460667E+07   0.1121101E+03
   0.6710331E-04   0.4383772E+03   0.1386635E+01   0.1357545E-07   0.1384737E-07   0.5460049E+07   0.1274816E+03
   0.7173113E-04   0.4513838E+03   0.1427776E+01   0.1311651E-07   0.1332348E-07   0.5459484E+07   0.1288806E+03
   0.7635894E-04   0.4179087E+03   0.1321891E+01   0.1380284E-07   0.1329650E-07   0.5458930E+07   0.1296206E+03
   0.8098675E-04   0.4034524E+03   0.1276164E+01   0.1357299E-07   0.1357997E-07   0.5458353E+07   0.1282222E+03
   0.8561457E-04   0.3865519E+03   0.1222706E+01   0.1333707E-07   0.1373862E-07   0.5457780E+07   0.1441964E+03
   0.9024238E-04   0.3708863E+03   0.1173154E+01   0.1211348E-07   0.1296165E-07   0.5457202E+07   0.1533036E+03
   0.9487020E-04   0.3601054E+03   0.1139053E+01   0.1201366E-07   0.1338271E-07   0.5456661E+07   0.1504745E+03
   0.9949801E-04   0.3284450E+03   0.1038907E+01   0.1155289E-07   0.1249553E-07   0.5456098E+07   0.1613171E+03
   0.1041258E-03   0.3010661E+03   0.9523048E+00   0.1125988E-07   0.1227630E-07   0.5455539E+07   0.1711365E+03
   0.1087536E-03   0.2786732E+03   0.8814737E+00   0.1084964E-07   0.1118634E-07   0.5454970E+07   0.1721634E+03
   0.1133815E-03   0.2540807E+03   0.8036851E+00   0.1025552E-07   0.1044318E-07   0.5454399E+07   0.1758126E+03
   0.1180093E-03   0.2188943E+03   0.6923865E+00   0.8850767E-08   0.9971350E-08   0.5453855E+07   0.1976208E+03
   0.1226371E-03   0.1828781E+03   0.5784633E+00   0.8142723E-08   0.8964450E-08   0.5453251E+07   0.2162961E+03
   0.1272649E-03   0.1498368E+03   0.4739502E+00   0.8198249E-08   0.8708691E-08   0.5452639E+07   0.2306950E+03
   0.1318927E-03   0.1289668E+03   0.4079362E+00   0.5760677E-08   0.6234503E-08   0.5452117E+07   0.2356778E+03
   0.1365205E-03   0.7594500E+02   0.2402223E+00   0.4227496E-08   0.5453290E-08   0.5451532E+07   0.2867408E+03
   0.1411483E-03   0.3163583E+02   0.1000676E+00   0.4353207E-08   0.4096512E-08   0.5450760E+07   0.3402778E+03
   0.1457762E-03   0.6558268E+01   0.2074451E-01   0.3785019E-08   0.1991690E-08   0.5449975E+07   0.4838464E+03
