  -0.4763185E-07   0.9996850E+00   0.9677571E+01             NaN             NaN   0.5110067E+06   0.4615473E-03
  -0.4611973E-07   0.8624343E-01   0.8348899E+00             NaN   0.3615443E-17   0.5110081E+06   0.5881548E+00
  -0.4460761E-07   0.1489285E+01   0.1441720E+02   0.3448230E-08   0.2085290E-08   0.5110075E+06   0.6335195E+00
  -0.4309548E-07   0.1424787E+01   0.1379282E+02             NaN             NaN   0.5110066E+06   0.6137626E+00
  -0.4158336E-07   0.8113788E+00   0.7854651E+01   0.1761080E-16             NaN   0.5110069E+06   0.8596453E+00
  -0.4007124E-07   0.2348611E+01   0.2273601E+02   0.2919395E-08   0.1068531E-07   0.5110093E+06   0.1754298E+01
  -0.3855912E-07   0.4591310E+01   0.4444673E+02   0.3277659E-08   0.7336265E-08   0.5110082E+06   0.1830313E+01
  -0.3704699E-07   0.6781822E+01   0.6565224E+02   0.6345721E-08   0.5138050E-08   0.5110072E+06   0.1174072E+01
  -0.3553487E-07   0.1101093E+02   0.1065926E+03   0.7816792E-08   0.5582273E-08   0.5110075E+06   0.9657906E+00
  -0.3402275E-07   0.1732604E+02   0.1677268E+03   0.8617234E-08   0.8170799E-08   0.5110077E+06   0.1184590E+01
  -0.3251063E-07   0.2992243E+02   0.2896677E+03   0.1138603E-07   0.6470243E-08   0.5110076E+06   0.1079353E+01
  -0.3099851E-07   0.3735199E+02   0.3615905E+03   0.7289418E-08   0.9476746E-08   0.5110078E+06   0.1675392E+01
  -0.2948638E-07   0.4167222E+02   0.4034129E+03   0.6433634E-08   0.7854276E-08   0.5110077E+06   0.1530331E+01
  -0.2797426E-07   0.7333162E+02   0.7098955E+03   0.6406923E-08   0.7072914E-08   0.5110077E+06   0.1520591E+01
  -0.2646214E-07   0.9129739E+02   0.8838154E+03   0.6568497E-08   0.9334887E-08   0.5110078E+06   0.1612379E+01
  -0.2495002E-07   0.1142176E+03   0.1105697E+04   0.7393700E-08   0.8016590E-08   0.5110078E+06   0.1481786E+01
  -0.2343789E-07   0.1584420E+03   0.1533817E+04   0.7311137E-08   0.7644654E-08   0.5110078E+06   0.1512837E+01
  -0.2192577E-07   0.1869730E+03   0.1810014E+04   0.6613092E-08   0.7095048E-08   0.5110078E+06   0.1645474E+01
  -0.2041365E-07   0.2354187E+03   0.2279000E+04   0.7408027E-08   0.7632692E-08   0.5110079E+06   0.1600190E+01
  -0.1890153E-07   0.2884977E+03   0.2792837E+04   0.7853129E-08   0.7302749E-08   0.5110078E+06   0.1422666E+01
  -0.1738941E-07   0.3561087E+03   0.3447353E+04   0.7111109E-08   0.7433753E-08   0.5110078E+06   0.1605876E+01
  -0.1587728E-07   0.4227715E+03   0.4092690E+04   0.7713827E-08   0.7387770E-08   0.5110077E+06   0.1446494E+01
  -0.1436516E-07   0.4809963E+03   0.4656343E+04   0.7104290E-08   0.7605842E-08   0.5110077E+06   0.1381937E+01
  -0.1285304E-07   0.5485559E+03   0.5310361E+04   0.7509349E-08   0.7558964E-08   0.5110078E+06   0.1508448E+01
  -0.1134092E-07   0.6317112E+03   0.6115357E+04   0.7975131E-08   0.7404888E-08   0.5110079E+06   0.1569691E+01
  -0.9828794E-08   0.6503419E+03   0.6295713E+04   0.7443630E-08   0.7573288E-08   0.5110078E+06   0.1555849E+01
  -0.8316672E-08   0.7569107E+03   0.7327365E+04   0.7826075E-08   0.7432377E-08   0.5110078E+06   0.1474149E+01
  -0.6804550E-08   0.7967404E+03   0.7712941E+04   0.7669828E-08   0.7431088E-08   0.5110078E+06   0.1540028E+01
  -0.5292428E-08   0.8375872E+03   0.8108364E+04   0.7528841E-08   0.7565398E-08   0.5110078E+06   0.1588549E+01
  -0.3780306E-08   0.8802877E+03   0.8521731E+04   0.7595523E-08   0.7644750E-08   0.5110079E+06   0.1581229E+01
  -0.2268183E-08   0.9521410E+03   0.9217315E+04   0.7260477E-08   0.7477995E-08   0.5110078E+06   0.1441283E+01
  -0.7560611E-09   0.9731076E+03   0.9420285E+04   0.7785732E-08   0.7547932E-08   0.5110078E+06   0.1454428E+01
   0.7560611E-09   0.1002648E+04   0.9706256E+04   0.7572475E-08   0.7789373E-08   0.5110078E+06   0.1433624E+01
   0.2268183E-08   0.1005849E+04   0.9737245E+04   0.7372627E-08   0.7630304E-08   0.5110077E+06   0.1427707E+01
   0.3780306E-08   0.9628345E+03   0.9320835E+04   0.7422344E-08   0.7337634E-08   0.5110078E+06   0.1565307E+01
   0.5292428E-08   0.9111619E+03   0.8820612E+04   0.7723823E-08   0.7234537E-08   0.5110079E+06   0.1534156E+01
   0.6804550E-08   0.8811739E+03   0.8530310E+04   0.7413097E-08   0.7667250E-08   0.5110078E+06   0.1519064E+01
   0.8316672E-08   0.8503161E+03   0.8231587E+04   0.7787699E-08   0.7699160E-08   0.5110078E+06   0.1482084E+01
   0.9828794E-08   0.7621004E+03   0.7377605E+04   0.7738194E-08   0.7219955E-08   0.5110078E+06   0.1568248E+01
   0.1134092E-07   0.6982437E+03   0.6759433E+04   0.7596888E-08   0.7478195E-08   0.5110078E+06   0.1479999E+01
   0.1285304E-07   0.6030862E+03   0.5838249E+04   0.7114205E-08   0.7673986E-08   0.5110078E+06   0.1600595E+01
   0.1436516E-07   0.5517082E+03   0.5340877E+04   0.7412627E-08   0.7425376E-08   0.5110078E+06   0.1631978E+01
   0.1587728E-07   0.4625107E+03   0.4477391E+04   0.7651801E-08   0.7244807E-08   0.5110078E+06   0.1563306E+01
   0.1738941E-07   0.4113560E+03   0.3982181E+04   0.7882069E-08   0.7353415E-08   0.5110078E+06   0.1611069E+01
   0.1890153E-07   0.3572783E+03   0.3458676E+04   0.7767349E-08   0.7419553E-08   0.5110078E+06   0.1578083E+01
   0.2041365E-07   0.3036031E+03   0.2939067E+04   0.7129704E-08   0.7141342E-08   0.5110078E+06   0.1429246E+01
   0.2192577E-07   0.2611916E+03   0.2528496E+04   0.7550636E-08   0.7684842E-08   0.5110078E+06   0.1557298E+01
   0.2343789E-07   0.2066949E+03   0.2000935E+04   0.7431292E-08   0.7944966E-08   0.5110079E+06   0.1570159E+01
   0.2495002E-07   0.1524690E+03   0.1475995E+04   0.6772902E-08   0.7780137E-08   0.5110079E+06   0.1552863E+01
   0.2646214E-07   0.1277079E+03   0.1236292E+04   0.7196106E-08   0.7097466E-08   0.5110080E+06   0.1530314E+01
   0.2797426E-07   0.9373104E+02   0.9073746E+03   0.6914907E-08   0.7452254E-08   0.5110081E+06   0.1612069E+01
   0.2948638E-07   0.8301473E+02   0.8036340E+03   0.7073336E-08   0.7346917E-08   0.5110080E+06   0.1837425E+01
   0.3099851E-07   0.6384553E+02   0.6180643E+03   0.8049014E-08   0.7095106E-08   0.5110079E+06   0.1874036E+01
   0.3251063E-07   0.3923207E+02   0.3797908E+03   0.6977203E-08   0.8148208E-08   0.5110077E+06   0.1557507E+01
   0.3402275E-07   0.2842688E+02   0.2751898E+03   0.5929839E-08   0.7849314E-08   0.5110075E+06   0.1053517E+01
   0.3553487E-07   0.2116743E+02   0.2049139E+03   0.4658477E-08   0.7539745E-08   0.5110072E+06   0.1087411E+01
   0.3704699E-07   0.2088253E+02   0.2021559E+03   0.5601360E-08   0.7814276E-08   0.5110081E+06   0.1732556E+01
   0.3855912E-07   0.8262583E+01   0.7998693E+02   0.7781156E-08   0.4795430E-08   0.5110073E+06   0.1251673E+01
   0.4007124E-07   0.5985704E+01   0.5794533E+02   0.5433840E-08   0.6702340E-08   0.5110070E+06   0.7302111E+00
   0.4158336E-07   0.5065862E+01   0.4904068E+02   0.6184499E-08   0.7974385E-08   0.5110070E+06   0.4963717E+00
   0.4309548E-07   0.4681327E+01   0.4531815E+02   0.3631832E-08   0.1188513E-07   0.5110079E+06   0.1251283E+01
   0.4460761E-07   0.1515559E+01   0.1467155E+02   0.1122583E-08   0.3378548E-08   0.5110094E+06   0.1946552E+01
   0.4611973E-07   0.3149968E-03   0.3049365E-02             NaN             NaN   0.5110083E+06   0.6221211E-11
   0.4763185E-07   0.9996850E+00   0.9677571E+01             NaN             NaN   0.5110083E+06   0.6221211E-11
