   0.00000000E+00 -0.50300728E-07       320       320     20480
   0.52500000E-14 -0.47186992E-07       320       320     20480
   0.10500000E-13 -0.44073144E-07         0      3763     20480
   0.15750000E-13 -0.40958880E-07         0      3763     20480
   0.21000000E-13 -0.37843709E-07         0      3762     20480
   0.26250000E-13 -0.34726265E-07         0      3758     20480
   0.31500000E-13 -0.31603711E-07         0      3751     20480
   0.36750000E-13 -0.28470189E-07         0      3745     20480
   0.42000000E-13 -0.25313199E-07         0      3730     20480
   0.47250000E-13 -0.22117336E-07         0      3706     20480
   0.52500000E-13 -0.18857838E-07         0      3668     20480
   0.57750000E-13 -0.15501090E-07         0      3631     20480
   0.63000000E-13 -0.12003517E-07         0      3563     20480
   0.68250000E-13 -0.83089915E-08         0      3477     20480
   0.73500000E-13 -0.43517172E-08         0      3373     20480
   0.78750000E-13 -0.56516954E-10         0      3260     20480
   0.84000000E-13  0.46448514E-08         0      3129     20480
   0.89250000E-13  0.98133258E-08         0      2951     20480
   0.94500000E-13  0.15499915E-07         0      2766     20480
   0.99750000E-13  0.21741169E-07         0      2542     20480
   0.10500000E-12  0.28560726E-07         0      2334     20480
   0.11025000E-12  0.35972957E-07         0      2105     20480
   0.11550000E-12  0.43980551E-07         0      1843     20480
   0.12075000E-12  0.52582701E-07         0      1617     20480
   0.12600000E-12  0.61774339E-07         0      1397     20480
   0.13125000E-12  0.71548584E-07         0      1451     20480
   0.13650000E-12  0.81900197E-07         0      1468     20480
   0.14175000E-12  0.92824781E-07         0      1518     20480
   0.14700000E-12  0.10432103E-06         0      1499     20480
   0.15225000E-12  0.11638738E-06         0      1465     20480
   0.15750000E-12  0.12902370E-06         0      1428     20480
   0.16275000E-12  0.14222981E-06         0      1398     20480
   0.16800000E-12  0.15600612E-06         0      1328     20480
   0.17325000E-12  0.17035291E-06         0      1288     20480
   0.17850000E-12  0.18527055E-06         0      1293     20480
   0.18375000E-12  0.20075939E-06         0      1316     20480
   0.18900000E-12  0.21681981E-06         0      1327     20480
   0.19425000E-12  0.23345219E-06         0      1333     20480
   0.19950000E-12  0.25065692E-06         0      1329     20480
   0.20475000E-12  0.26843436E-06         0      1325     20480
   0.21000000E-12  0.28678491E-06         0      1315     20480
   0.14600000E-11  0.21852429E-04         0       793     20480
   0.27100000E-11  0.79945481E-04        78       460     20480
   0.39600000E-11  0.17469711E-03        92       505     20480
   0.52100000E-11  0.30405686E-03        98       554     20480
   0.64600000E-11  0.46497491E-03       105       584     20480
   0.77100000E-11  0.65387724E-03       107       591     20480
   0.89600000E-11  0.86704594E-03       109       606     20480
   0.10210000E-10  0.11009005E-02       117       616     20480
   0.11460000E-10  0.13521689E-02       123       620     20480
   0.12710000E-10  0.16179646E-02       124       624     20480
   0.13960000E-10  0.18957987E-02       125       629     20480
   0.15210000E-10  0.21835543E-02       108       453     20480
   0.16460000E-10  0.24794428E-02       109       451     20480
   0.17710000E-10  0.27819560E-02       111       451     20480
   0.18960000E-10  0.30898204E-02       112       450     20480
   0.20210000E-10  0.34019568E-02       112       452     20480
   0.21460000E-10  0.37174466E-02       115       452     20480
   0.22710000E-10  0.40355053E-02       116       452     20480
   0.23960000E-10  0.43554613E-02       116       448     20480
   0.25210000E-10  0.46767420E-02       117       447     20480
   0.26460000E-10  0.49988632E-02       117       448     20480
   0.27710000E-10  0.53214252E-02       121       446     20480
   0.28960000E-10  0.56441107E-02       122       448     20480
   0.30210000E-10  0.59666865E-02       123       448     20480
   0.31460000E-10  0.62890062E-02       124       448     20480
   0.32710000E-10  0.66110127E-02       124       449     20480
   0.33960000E-10  0.69327382E-02       125       449     20480
   0.35210000E-10  0.72542999E-02       127       451     20480
   0.36460000E-10  0.75758922E-02       129       451     20480
   0.37710000E-10  0.78977715E-02       132       450     20480
   0.38960000E-10  0.82202380E-02       134       452     20480
   0.40210000E-10  0.85436137E-02       122       441     20480
   0.41460000E-10  0.88682207E-02       124       443     20480
   0.42710000E-10  0.91943603E-02       124       444     20480
   0.43960000E-10  0.95222969E-02       126       442     20480
   0.45210000E-10  0.98522465E-02       126       443     20480
   0.46460000E-10  0.10184371E-01       125       445     20480
   0.47710000E-10  0.10518775E-01       126       445     20480
   0.48960000E-10  0.10855513E-01       126       445     20480
   0.50210000E-10  0.11194588E-01       126       442     20480
   0.51460000E-10  0.11535964E-01       126       443     20480
   0.52710000E-10  0.11879571E-01       122       438     20480
   0.53960000E-10  0.12225311E-01       122       440     20480
   0.55210000E-10  0.12573068E-01       122       440     20480
   0.56460000E-10  0.12922713E-01       124       439     20480
   0.57710000E-10  0.13274108E-01       125       440     20480
   0.58960000E-10  0.13627114E-01       125       440     20480
   0.60210000E-10  0.13981592E-01       125       441     20480
   0.61460000E-10  0.14337410E-01       126       440     20480
   0.62710000E-10  0.14694439E-01       126       440     20480
   0.63960000E-10  0.15052560E-01       126       440     20480
   0.65210000E-10  0.15411662E-01       126       440     20480
   0.66460000E-10  0.15771642E-01       126       441     20480
   0.67710000E-10  0.16132407E-01       126       442     20480
   0.68960000E-10  0.16493869E-01       126       444     20480
   0.70210000E-10  0.16855949E-01       126       445     20480
   0.71460000E-10  0.17218573E-01       126       443     20480
   0.72710000E-10  0.17581671E-01       126       443     20480
   0.73960000E-10  0.17945179E-01       126       444     20480
   0.75210000E-10  0.18309034E-01       126       444     20480
   0.76460000E-10  0.18673179E-01       126       445     20480
   0.77710000E-10  0.19037559E-01       125       447     20480
   0.78960000E-10  0.19402122E-01       125       447     20480
   0.80210000E-10  0.19766821E-01       126       447     20480
   0.81460000E-10  0.20131611E-01       126       447     20480
   0.82710000E-10  0.20496456E-01       126       448     20480
   0.83960000E-10  0.20861323E-01       126       449     20480
   0.85210000E-10  0.21226187E-01       125       450     20480
   0.86460000E-10  0.21591030E-01       126       450     20480
   0.87710000E-10  0.21955843E-01       125       449     20480
   0.88960000E-10  0.22320626E-01       126       450     20480
   0.90210000E-10  0.22685386E-01       122       444     20480
   0.91460000E-10  0.23050139E-01       122       442     20480
   0.92710000E-10  0.23414906E-01       122       444     20480
   0.93960000E-10  0.23779714E-01       122       444     20480
   0.95210000E-10  0.24144594E-01       122       443     20480
   0.96460000E-10  0.24509576E-01       122       443     20480
   0.97710000E-10  0.24874693E-01       122       444     20480
   0.98960000E-10  0.25239975E-01       123       444     20480
   0.10021000E-09  0.25605447E-01       123       443     20480
   0.10146000E-09  0.25971134E-01       123       442     20480
   0.10271000E-09  0.26337057E-01       120       443     20480
   0.10396000E-09  0.26703230E-01       121       441     20480
   0.10521000E-09  0.27069667E-01       121       440     20480
   0.10646000E-09  0.27436376E-01       121       440     20480
   0.10771000E-09  0.27803363E-01       121       440     20480
   0.10896000E-09  0.28170628E-01       121       441     20480
   0.11021000E-09  0.28538172E-01       121       440     20480
   0.11146000E-09  0.28905989E-01       121       438     20480
   0.11271000E-09  0.29274073E-01       121       435     20480
   0.11396000E-09  0.29642415E-01       122       435     20480
   0.11521000E-09  0.30011004E-01       124       435     20480
   0.11646000E-09  0.30379829E-01       124       434     20480
   0.11771000E-09  0.30748876E-01       126       436     20480
   0.11896000E-09  0.31118132E-01       126       433     20480
   0.12021000E-09  0.31487583E-01       127       432     20480
   0.12146000E-09  0.31857216E-01       127       432     20480
   0.12271000E-09  0.32227015E-01       127       431     20480
   0.12396000E-09  0.32596968E-01       127       434     20480
   0.12521000E-09  0.32967062E-01       127       432     20480
   0.12646000E-09  0.33337284E-01       128       435     20480
   0.12771000E-09  0.33707620E-01       127       434     20480
   0.12896000E-09  0.34078057E-01       127       433     20480
   0.13021000E-09  0.34448584E-01       125       432     20480
   0.13146000E-09  0.34819186E-01       124       429     20480
   0.13271000E-09  0.35189853E-01       124       428     20480
   0.13396000E-09  0.35560570E-01       124       427     20480
   0.13521000E-09  0.35931326E-01       124       428     20480
   0.13646000E-09  0.36302111E-01       124       428     20480
   0.13771000E-09  0.36672912E-01       126       431     20480
   0.13896000E-09  0.37043723E-01       126       431     20480
   0.14021000E-09  0.37414534E-01       125       429     20480
   0.14146000E-09  0.37785340E-01       124       428     20480
   0.14271000E-09  0.38156137E-01       124       431     20480
   0.14396000E-09  0.38526924E-01       124       430     20480
   0.14521000E-09  0.38897700E-01       125       430     20480
   0.14646000E-09  0.39268469E-01       126       432     20480
   0.14771000E-09  0.39639234E-01       126       430     20480
   0.14896000E-09  0.40010002E-01       126       434     20480
   0.15021000E-09  0.40380778E-01       126       431     20480
   0.15146000E-09  0.40751571E-01       126       434     20480
   0.15271000E-09  0.41122389E-01       123       426     20480
   0.15396000E-09  0.41493240E-01       122       430     20480
   0.15521000E-09  0.41864132E-01       123       431     20480
   0.15646000E-09  0.42235071E-01       122       430     20480
   0.15771000E-09  0.42606066E-01       123       428     20480
   0.15896000E-09  0.42977121E-01       122       434     20480
   0.16021000E-09  0.43348243E-01       122       431     20480
   0.16146000E-09  0.43719435E-01       122       430     20480
   0.16271000E-09  0.44090702E-01       122       429     20480
   0.16396000E-09  0.44462046E-01       122       431     20480
   0.16521000E-09  0.44833471E-01       122       442     20480
   0.16646000E-09  0.45204977E-01       123       439     20480
   0.16771000E-09  0.45576564E-01       122       441     20480
   0.16896000E-09  0.45948234E-01       122       438     20480
   0.17021000E-09  0.46319985E-01       122       436     20480
   0.17146000E-09  0.46691814E-01       122       436     20480
   0.17271000E-09  0.47063721E-01       122       433     20480
   0.17396000E-09  0.47435703E-01       121       431     20480
   0.17521000E-09  0.47807756E-01       123       435     20480
   0.17646000E-09  0.48179877E-01       125       434     20480
   0.17771000E-09  0.48552062E-01       126       435     20480
   0.17896000E-09  0.48924307E-01       125       430     20480
   0.18021000E-09  0.49296610E-01       125       430     20480
   0.18146000E-09  0.49668966E-01       124       430     20480
   0.18271000E-09  0.50041371E-01       125       432     20480
   0.18396000E-09  0.50413821E-01       123       432     20480
   0.18521000E-09  0.50786313E-01       123       432     20480
   0.18646000E-09  0.51158843E-01       122       434     20480
   0.18771000E-09  0.51531406E-01       122       431     20480
   0.18896000E-09  0.51903998E-01       122       435     20480
   0.19021000E-09  0.52276616E-01       126       439     20480
   0.19146000E-09  0.52649256E-01       126       440     20480
   0.19271000E-09  0.53021912E-01       128       442     20480
   0.19396000E-09  0.53394581E-01       126       442     20480
   0.19521000E-09  0.53767260E-01       126       435     20480
   0.19646000E-09  0.54139945E-01       126       435     20480
   0.19771000E-09  0.54512633E-01       126       434     20480
   0.19896000E-09  0.54885322E-01       125       436     20480
   0.20021000E-09  0.55258008E-01       125       438     20480
   0.20146000E-09  0.55630691E-01       124       433     20480
   0.20271000E-09  0.56003370E-01       124       431     20480
   0.20396000E-09  0.56376044E-01       126       428     20480
   0.20521000E-09  0.56748714E-01       126       430     20480
   0.20646000E-09  0.57121379E-01       125       429     20480
   0.20771000E-09  0.57494042E-01       124       432     20480
   0.20896000E-09  0.57866703E-01       125       429     20480
   0.21021000E-09  0.58239363E-01       124       433     20480
   0.21146000E-09  0.58612025E-01       123       436     20480
   0.21271000E-09  0.58984689E-01       121       437     20480
   0.21396000E-09  0.59357359E-01       121       441     20480
   0.21521000E-09  0.59730035E-01       120       431     20480
   0.21646000E-09  0.60102719E-01       119       432     20480
   0.21771000E-09  0.60475413E-01       118       434     20480
   0.21896000E-09  0.60848118E-01       118       436     20480
   0.22021000E-09  0.61220836E-01       119       439     20480
   0.22146000E-09  0.61593568E-01       119       436     20480
   0.22271000E-09  0.61966315E-01       116       432     20480
   0.22396000E-09  0.62339079E-01       115       427     20480
   0.22521000E-09  0.62711860E-01       115       425     20480
   0.22646000E-09  0.63084659E-01       116       430     20480
   0.22771000E-09  0.63457477E-01       115       436     20480
   0.22896000E-09  0.63830313E-01       116       435     20480
   0.23021000E-09  0.64203170E-01       117       433     20480
   0.23146000E-09  0.64576045E-01       119       435     20480
   0.23271000E-09  0.64948940E-01       120       432     20480
   0.23396000E-09  0.65321855E-01       120       431     20480
   0.23521000E-09  0.65694787E-01       120       432     20480
   0.23646000E-09  0.66067738E-01       120       431     20480
   0.23771000E-09  0.66440706E-01       120       431     20480
   0.23896000E-09  0.66813691E-01       116       430     20480
   0.24021000E-09  0.67186692E-01       123       434     20480
   0.24146000E-09  0.67559707E-01       122       435     20480
   0.24271000E-09  0.67932735E-01       120       435     20480
   0.24396000E-09  0.68305776E-01       121       434     20480
   0.24521000E-09  0.68678828E-01       119       435     20480
   0.24646000E-09  0.69051890E-01       118       438     20480
   0.24771000E-09  0.69424961E-01       118       439     20480
   0.24896000E-09  0.69798040E-01       116       439     20480
   0.25021000E-09  0.70171125E-01       115       445     20480
   0.25146000E-09  0.70544215E-01       114       442     20480
   0.25271000E-09  0.70917310E-01       117       435     20480
   0.25396000E-09  0.71290408E-01       116       438     20480
   0.25521000E-09  0.71663508E-01       116       436     20480
   0.25646000E-09  0.72036610E-01       119       436     20480
   0.25771000E-09  0.72409713E-01       118       437     20480
   0.25896000E-09  0.72782816E-01       118       437     20480
   0.26021000E-09  0.73155920E-01       119       440     20480
   0.26146000E-09  0.73529022E-01       119       442     20480
   0.26271000E-09  0.73902124E-01       118       444     20480
   0.26396000E-09  0.74275225E-01       119       444     20480
   0.26521000E-09  0.74648325E-01       120       437     20480
   0.26646000E-09  0.75021424E-01       120       433     20480
   0.26771000E-09  0.75394520E-01       119       433     20480
   0.26896000E-09  0.75767616E-01       120       432     20480
   0.27021000E-09  0.76140710E-01       118       433     20480
   0.27146000E-09  0.76513802E-01       117       432     20480
   0.27271000E-09  0.76886893E-01       116       430     20480
   0.27396000E-09  0.77259983E-01       117       428     20480
   0.27521000E-09  0.77633071E-01       117       425     20480
   0.27646000E-09  0.78006158E-01       118       425     20480
   0.27771000E-09  0.78379245E-01       117       424     20480
   0.27896000E-09  0.78752330E-01       118       425     20480
   0.28021000E-09  0.79125415E-01       118       425     20480
   0.28146000E-09  0.79498499E-01       119       422     20480
   0.28271000E-09  0.79871583E-01       120       423     20480
   0.28396000E-09  0.80244667E-01       119       423     20480
   0.28521000E-09  0.80617751E-01       118       422     20480
   0.28646000E-09  0.80990834E-01       118       424     20480
   0.28771000E-09  0.81363918E-01       119       427     20480
   0.28896000E-09  0.81737003E-01       118       429     20480
   0.29021000E-09  0.82110088E-01       116       428     20480
   0.29146000E-09  0.82483174E-01       119       428     20480
   0.29271000E-09  0.82856260E-01       119       426     20480
   0.29396000E-09  0.83229348E-01       121       424     20480
   0.29521000E-09  0.83602436E-01       122       428     20480
   0.29646000E-09  0.83975526E-01       122       426     20480
   0.29771000E-09  0.84348616E-01       123       431     20480
   0.29896000E-09  0.84721709E-01       124       429     20480
   0.30021000E-09  0.85094802E-01       124       427     20480
   0.30146000E-09  0.85467897E-01       126       423     20480
   0.30271000E-09  0.85840993E-01       119       428     20480
   0.30396000E-09  0.86214091E-01       119       424     20480
   0.30521000E-09  0.86587190E-01       120       422     20480
   0.30646000E-09  0.86960291E-01       121       422     20480
   0.30771000E-09  0.87333393E-01       123       421     20480
   0.30896000E-09  0.87706496E-01       121       423     20480
   0.31021000E-09  0.88079600E-01       118       424     20480
   0.31146000E-09  0.88452705E-01       118       422     20480
   0.31271000E-09  0.88825812E-01       119       423     20480
   0.31396000E-09  0.89198919E-01       119       423     20480
   0.31521000E-09  0.89572027E-01       122       432     20480
   0.31646000E-09  0.89945136E-01       122       432     20480
   0.31771000E-09  0.90318245E-01       123       429     20480
   0.31896000E-09  0.90691354E-01       122       429     20480
   0.32021000E-09  0.91064464E-01       122       429     20480
   0.32146000E-09  0.91437574E-01       122       430     20480
   0.32271000E-09  0.91810684E-01       122       430     20480
   0.32396000E-09  0.92183794E-01       123       430     20480
   0.32521000E-09  0.92556903E-01       123       428     20480
   0.32646000E-09  0.92930012E-01       125       427     20480
   0.32771000E-09  0.93303121E-01       127       428     20480
   0.32896000E-09  0.93676229E-01       127       429     20480
   0.33021000E-09  0.94049336E-01       127       427     20480
   0.33146000E-09  0.94422442E-01       126       427     20480
   0.33271000E-09  0.94795547E-01       124       427     20480
   0.33396000E-09  0.95168651E-01       123       428     20480
   0.33521000E-09  0.95541754E-01       124       428     20480
   0.33646000E-09  0.95914856E-01       124       427     20480
   0.33771000E-09  0.96287957E-01       124       429     20480
   0.33896000E-09  0.96661057E-01       125       433     20480
   0.34021000E-09  0.97034155E-01       126       427     20480
   0.34146000E-09  0.97407252E-01       127       432     20480
   0.34271000E-09  0.97780348E-01       127       433     20480
   0.34396000E-09  0.98153443E-01       127       434     20480
   0.34521000E-09  0.98526536E-01       125       432     20480
   0.34646000E-09  0.98899629E-01       124       430     20480
   0.34771000E-09  0.99272721E-01       123       426     20480
   0.34896000E-09  0.99645811E-01       121       427     20480
   0.35021000E-09  0.10001890E+00       122       427     20480
   0.35146000E-09  0.10039199E+00       122       432     20480
   0.35271000E-09  0.10076508E+00       120       435     20480
   0.35396000E-09  0.10113817E+00       120       434     20480
   0.35521000E-09  0.10151126E+00       120       434     20480
   0.35646000E-09  0.10188434E+00       120       434     20480
   0.35771000E-09  0.10225743E+00       121       437     20480
   0.35896000E-09  0.10263052E+00       121       435     20480
   0.36021000E-09  0.10300361E+00       121       434     20480
   0.36146000E-09  0.10337670E+00       121       435     20480
   0.36271000E-09  0.10374979E+00       121       434     20480
   0.36396000E-09  0.10412288E+00       120       434     20480
   0.36521000E-09  0.10449597E+00       121       433     20480
   0.36646000E-09  0.10486906E+00       121       432     20480
   0.36771000E-09  0.10524216E+00       121       433     20480
   0.36896000E-09  0.10561525E+00       122       431     20480
   0.37021000E-09  0.10598834E+00       122       431     20480
   0.37146000E-09  0.10636144E+00       122       434     20480
   0.37271000E-09  0.10673454E+00       123       431     20480
   0.37396000E-09  0.10710764E+00       124       433     20480
   0.37521000E-09  0.10748074E+00       123       432     20480
   0.37646000E-09  0.10785384E+00       122       431     20480
   0.37771000E-09  0.10822694E+00       122       433     20480
   0.37896000E-09  0.10860005E+00       122       433     20480
   0.38021000E-09  0.10897315E+00       122       433     20480
   0.38146000E-09  0.10934626E+00       122       433     20480
   0.38271000E-09  0.10971937E+00       122       434     20480
   0.38396000E-09  0.11009248E+00       122       434     20480
   0.38521000E-09  0.11046559E+00       122       431     20480
   0.38646000E-09  0.11083870E+00       122       431     20480
   0.38771000E-09  0.11121181E+00       121       429     20480
   0.38896000E-09  0.11158492E+00       121       430     20480
   0.39021000E-09  0.11195803E+00       121       429     20480
   0.39146000E-09  0.11233115E+00       121       429     20480
   0.39271000E-09  0.11270426E+00       122       429     20480
   0.39396000E-09  0.11307737E+00       122       430     20480
   0.39521000E-09  0.11345049E+00       122       431     20480
   0.39646000E-09  0.11382360E+00       121       431     20480
   0.39771000E-09  0.11419671E+00       121       431     20480
   0.39896000E-09  0.11456982E+00       121       431     20480
   0.40021000E-09  0.11494294E+00       121       430     20480
   0.40146000E-09  0.11531605E+00       121       430     20480
   0.40271000E-09  0.11568916E+00       121       431     20480
   0.40396000E-09  0.11606227E+00       121       431     20480
   0.40521000E-09  0.11643537E+00       121       431     20480
   0.40646000E-09  0.11680848E+00       121       431     20480
   0.40771000E-09  0.11718159E+00       121       432     20480
   0.40896000E-09  0.11755469E+00       121       432     20480
   0.41021000E-09  0.11792780E+00       121       433     20480
   0.41146000E-09  0.11830090E+00       121       435     20480
   0.41271000E-09  0.11867400E+00       121       435     20480
   0.41396000E-09  0.11904710E+00       121       434     20480
   0.41521000E-09  0.11942020E+00       121       434     20480
   0.41646000E-09  0.11979329E+00       121       434     20480
   0.41771000E-09  0.12016639E+00       120       434     20480
   0.41896000E-09  0.12053948E+00       120       434     20480
   0.42021000E-09  0.12091258E+00       120       434     20480
   0.42146000E-09  0.12128567E+00       120       435     20480
   0.42271000E-09  0.12165876E+00       120       436     20480
   0.42396000E-09  0.12203185E+00       120       435     20480
   0.42521000E-09  0.12240494E+00       120       435     20480
   0.42646000E-09  0.12277803E+00       121       435     20480
   0.42771000E-09  0.12315111E+00       121       435     20480
   0.42896000E-09  0.12352420E+00       121       435     20480
   0.43021000E-09  0.12389729E+00       121       435     20480
   0.43146000E-09  0.12427037E+00       121       436     20480
   0.43271000E-09  0.12464346E+00       121       438     20480
   0.43396000E-09  0.12501654E+00       121       438     20480
   0.43521000E-09  0.12538963E+00       121       438     20480
   0.43646000E-09  0.12576271E+00       121       438     20480
   0.43771000E-09  0.12613580E+00       121       438     20480
   0.43896000E-09  0.12650889E+00       121       438     20480
   0.44021000E-09  0.12688197E+00       124       439     20480
   0.44146000E-09  0.12725506E+00       124       439     20480
   0.44271000E-09  0.12762815E+00       124       439     20480
   0.44396000E-09  0.12800123E+00       124       440     20480
   0.44521000E-09  0.12837432E+00       124       439     20480
   0.44646000E-09  0.12874741E+00       124       438     20480
   0.44771000E-09  0.12912050E+00       124       438     20480
   0.44896000E-09  0.12949359E+00       123       438     20480
   0.45021000E-09  0.12986668E+00       123       438     20480
   0.45146000E-09  0.13023977E+00       123       438     20480
   0.45271000E-09  0.13061286E+00       123       439     20480
   0.45396000E-09  0.13098596E+00       123       439     20480
   0.45521000E-09  0.13135905E+00       123       439     20480
   0.45646000E-09  0.13173214E+00       123       439     20480
   0.45771000E-09  0.13210524E+00       123       439     20480
   0.45896000E-09  0.13247833E+00       123       439     20480
   0.46021000E-09  0.13285143E+00       123       438     20480
   0.46146000E-09  0.13322453E+00       123       437     20480
   0.46271000E-09  0.13359762E+00       123       436     20480
   0.46396000E-09  0.13397072E+00       123       437     20480
   0.46521000E-09  0.13434382E+00       123       437     20480
   0.46646000E-09  0.13471692E+00       123       437     20480
   0.46771000E-09  0.13509002E+00       123       437     20480
   0.46896000E-09  0.13546312E+00       123       437     20480
   0.47021000E-09  0.13583621E+00       123       437     20480
   0.47146000E-09  0.13620931E+00       123       437     20480
   0.47271000E-09  0.13658241E+00       123       437     20480
   0.47396000E-09  0.13695551E+00       123       437     20480
   0.47521000E-09  0.13732861E+00       123       437     20480
   0.47646000E-09  0.13770171E+00       123       437     20480
   0.47771000E-09  0.13807482E+00       123       437     20480
   0.47896000E-09  0.13844792E+00       123       437     20480
   0.48021000E-09  0.13882102E+00       123       437     20480
   0.48146000E-09  0.13919412E+00       123       437     20480
   0.48271000E-09  0.13956722E+00       123       437     20480
   0.48396000E-09  0.13994032E+00       123       437     20480
   0.48521000E-09  0.14031342E+00       123       437     20480
   0.48646000E-09  0.14068652E+00       123       436     20480
   0.48771000E-09  0.14105962E+00       123       436     20480
   0.48896000E-09  0.14143272E+00       123       436     20480
   0.49021000E-09  0.14180582E+00       123       436     20480
   0.49146000E-09  0.14217892E+00       123       436     20480
   0.49271000E-09  0.14255203E+00       123       436     20480
   0.49396000E-09  0.14292513E+00       123       435     20480
   0.49521000E-09  0.14329823E+00       123       435     20480
   0.49646000E-09  0.14367133E+00       123       435     20480
   0.49771000E-09  0.14404443E+00       123       435     20480
   0.49896000E-09  0.14441753E+00       123       435     20480
   0.50021000E-09  0.14479063E+00       123       435     20480
   0.50146000E-09  0.14516373E+00       123       435     20480
   0.50271000E-09  0.14553683E+00       123       435     20480
   0.50396000E-09  0.14590993E+00       123       435     20480
   0.50521000E-09  0.14628303E+00       123       435     20480
   0.50646000E-09  0.14665613E+00       123       435     20480
   0.50771000E-09  0.14702923E+00       123       435     20480
   0.50896000E-09  0.14740233E+00       123       435     20480
   0.51021000E-09  0.14777543E+00       123       435     20480
   0.51146000E-09  0.14814853E+00       123       436     20480
   0.51271000E-09  0.14852163E+00       123       436     20480
   0.51396000E-09  0.14889473E+00       123       436     20480
   0.51521000E-09  0.14926783E+00       123       436     20480
   0.51646000E-09  0.14964094E+00       123       436     20480
   0.51771000E-09  0.15001404E+00       123       436     20480
   0.51896000E-09  0.15038714E+00       123       436     20480
   0.52021000E-09  0.15076024E+00       123       436     20480
   0.52146000E-09  0.15113334E+00       123       436     20480
   0.52271000E-09  0.15150644E+00       123       436     20480
   0.52396000E-09  0.15187954E+00       123       435     20480
   0.52521000E-09  0.15225264E+00       123       435     20480
   0.52646000E-09  0.15262574E+00       123       435     20480
   0.52771000E-09  0.15299884E+00       123       435     20480
   0.52896000E-09  0.15337194E+00       123       435     20480
   0.53021000E-09  0.15374504E+00       123       434     20480
   0.53146000E-09  0.15411814E+00       123       434     20480
   0.53271000E-09  0.15449124E+00       123       434     20480
   0.53396000E-09  0.15486434E+00       123       434     20480
   0.53521000E-09  0.15523744E+00       123       434     20480
   0.53646000E-09  0.15561054E+00       123       434     20480
   0.53771000E-09  0.15598364E+00       123       434     20480
   0.53896000E-09  0.15635674E+00       123       434     20480
   0.54021000E-09  0.15672984E+00       123       434     20480
   0.54146000E-09  0.15710294E+00       123       434     20480
   0.54271000E-09  0.15747604E+00       123       434     20480
   0.54396000E-09  0.15784914E+00       123       434     20480
   0.54521000E-09  0.15822224E+00       123       434     20480
   0.54646000E-09  0.15859534E+00       123       434     20480
   0.54771000E-09  0.15896844E+00       123       434     20480
   0.54896000E-09  0.15934154E+00       123       434     20480
   0.55021000E-09  0.15971464E+00       123       434     20480
   0.55146000E-09  0.16008774E+00       123       434     20480
   0.55271000E-09  0.16046084E+00       123       434     20480
   0.55396000E-09  0.16083394E+00       123       434     20480
   0.55521000E-09  0.16120704E+00       123       434     20480
   0.55646000E-09  0.16158014E+00       123       434     20480
   0.55771000E-09  0.16195324E+00       123       434     20480
   0.55896000E-09  0.16232634E+00       123       434     20480
   0.56021000E-09  0.16269944E+00       123       434     20480
   0.56146000E-09  0.16307254E+00       123       434     20480
   0.56271000E-09  0.16344564E+00       123       434     20480
   0.56396000E-09  0.16381875E+00       123       434     20480
   0.56521000E-09  0.16419185E+00       123       434     20480
   0.56646000E-09  0.16456495E+00       123       434     20480
   0.56771000E-09  0.16493805E+00       123       434     20480
   0.56896000E-09  0.16531115E+00       123       434     20480
   0.57021000E-09  0.16568425E+00       123       434     20480
   0.57146000E-09  0.16605735E+00       123       434     20480
   0.57271000E-09  0.16643045E+00       123       434     20480
   0.57396000E-09  0.16680355E+00       123       434     20480
   0.57521000E-09  0.16717665E+00       123       434     20480
   0.57646000E-09  0.16754975E+00       123       434     20480
   0.57771000E-09  0.16792285E+00       123       434     20480
   0.57896000E-09  0.16829595E+00       123       433     20480
   0.58021000E-09  0.16866905E+00       123       433     20480
   0.58146000E-09  0.16904215E+00       123       433     20480
   0.58271000E-09  0.16941525E+00       123       433     20480
   0.58396000E-09  0.16978835E+00       123       433     20480
   0.58521000E-09  0.17016145E+00       123       433     20480
   0.58646000E-09  0.17053455E+00       123       433     20480
   0.58771000E-09  0.17090765E+00       123       433     20480
   0.58896000E-09  0.17128075E+00       123       433     20480
   0.59021000E-09  0.17165385E+00       123       433     20480
   0.59146000E-09  0.17202695E+00       123       433     20480
   0.59271000E-09  0.17240005E+00       123       433     20480
   0.59396000E-09  0.17277315E+00       123       433     20480
   0.59521000E-09  0.17314625E+00       123       433     20480
   0.59646000E-09  0.17351935E+00       123       433     20480
   0.59771000E-09  0.17389245E+00       123       433     20480
   0.59896000E-09  0.17426555E+00       123       433     20480
   0.60021000E-09  0.17463865E+00       123       433     20480
   0.60146000E-09  0.17501175E+00       123       433     20480
   0.60271000E-09  0.17538485E+00       123       433     20480
   0.60396000E-09  0.17575795E+00       123       433     20480
   0.60521000E-09  0.17613105E+00       123       433     20480
   0.60646000E-09  0.17650415E+00       123       433     20480
   0.60771000E-09  0.17687725E+00       123       433     20480
   0.60896000E-09  0.17725035E+00       123       433     20480
   0.61021000E-09  0.17762345E+00       123       433     20480
   0.61146000E-09  0.17799656E+00       123       433     20480
   0.61271000E-09  0.17836966E+00       123       432     20480
   0.61396000E-09  0.17874276E+00       123       432     20480
   0.61521000E-09  0.17911586E+00       123       432     20480
   0.61646000E-09  0.17948896E+00       123       432     20480
   0.61771000E-09  0.17986206E+00       123       432     20480
   0.61896000E-09  0.18023516E+00       123       432     20480
   0.62021000E-09  0.18060826E+00       123       432     20480
   0.62146000E-09  0.18098136E+00       123       432     20480
   0.62271000E-09  0.18135446E+00       123       432     20480
   0.62396000E-09  0.18172756E+00       123       432     20480
   0.62521000E-09  0.18210066E+00       123       432     20480
   0.62646000E-09  0.18247376E+00       123       432     20480
   0.62771000E-09  0.18284686E+00       123       432     20480
   0.62896000E-09  0.18321996E+00       123       432     20480
   0.63021000E-09  0.18359306E+00       123       432     20480
   0.63146000E-09  0.18396616E+00       123       432     20480
   0.63271000E-09  0.18433926E+00       123       432     20480
   0.63396000E-09  0.18471236E+00       123       432     20480
   0.63521000E-09  0.18508546E+00       123       432     20480
   0.63646000E-09  0.18545856E+00       123       432     20480
   0.63771000E-09  0.18583166E+00       123       432     20480
   0.63896000E-09  0.18620476E+00       123       432     20480
   0.64021000E-09  0.18657786E+00       123       432     20480
   0.64146000E-09  0.18695096E+00       123       432     20480
   0.64271000E-09  0.18732406E+00       123       432     20480
   0.64396000E-09  0.18769716E+00       123       432     20480
   0.64521000E-09  0.18807026E+00       123       433     20480
   0.64646000E-09  0.18844336E+00       123       433     20480
   0.64771000E-09  0.18881646E+00       123       433     20480
   0.64896000E-09  0.18918956E+00       123       433     20480
   0.65021000E-09  0.18956266E+00       123       433     20480
   0.65146000E-09  0.18993576E+00       123       433     20480
   0.65271000E-09  0.19030886E+00       123       433     20480
   0.65396000E-09  0.19068196E+00       123       433     20480
   0.65521000E-09  0.19105506E+00       123       433     20480
   0.65646000E-09  0.19142816E+00       123       433     20480
   0.65771000E-09  0.19180126E+00       123       433     20480
   0.65896000E-09  0.19217437E+00       123       433     20480
   0.66021000E-09  0.19254747E+00       123       433     20480
   0.66146000E-09  0.19292057E+00       123       433     20480
   0.66271000E-09  0.19329367E+00       123       433     20480
   0.66396000E-09  0.19366677E+00       123       433     20480
   0.66521000E-09  0.19403987E+00       123       433     20480
   0.66646000E-09  0.19441297E+00       123       433     20480
   0.66771000E-09  0.19478607E+00       123       433     20480
   0.66896000E-09  0.19515917E+00       123       433     20480
   0.67021000E-09  0.19553227E+00       123       433     20480
   0.67146000E-09  0.19590537E+00       123       433     20480
   0.67271000E-09  0.19627847E+00       123       433     20480
   0.67396000E-09  0.19665157E+00       123       433     20480
   0.67521000E-09  0.19702467E+00       123       433     20480
   0.67646000E-09  0.19739777E+00       123       433     20480
   0.67771000E-09  0.19777087E+00       123       433     20480
   0.67896000E-09  0.19814397E+00       123       433     20480
   0.68021000E-09  0.19851707E+00       123       433     20480
   0.68146000E-09  0.19889017E+00       123       433     20480
   0.68271000E-09  0.19926327E+00       123       433     20480
   0.68396000E-09  0.19963637E+00       123       433     20480
   0.68521000E-09  0.20000947E+00       123       433     20480
   0.68646000E-09  0.20038257E+00       123       433     20480
   0.68771000E-09  0.20075567E+00       123       433     20480
   0.68896000E-09  0.20112877E+00       123       433     20480
   0.69021000E-09  0.20150187E+00       123       433     20480
   0.69146000E-09  0.20187497E+00       123       433     20480
   0.69271000E-09  0.20224807E+00       123       433     20480
   0.69396000E-09  0.20262117E+00       123       433     20480
   0.69521000E-09  0.20299427E+00       123       433     20480
   0.69646000E-09  0.20336737E+00       123       433     20480
   0.69771000E-09  0.20374047E+00       123       434     20480
   0.69896000E-09  0.20411357E+00       123       434     20480
   0.70021000E-09  0.20448667E+00       123       434     20480
   0.70146000E-09  0.20485977E+00       123       434     20480
   0.70271000E-09  0.20523287E+00       123       434     20480
   0.70396000E-09  0.20560597E+00       123       434     20480
   0.70521000E-09  0.20597907E+00       123       434     20480
   0.70646000E-09  0.20635218E+00       123       434     20480
   0.70771000E-09  0.20672528E+00       123       434     20480
   0.70896000E-09  0.20709838E+00       123       434     20480
   0.71021000E-09  0.20747148E+00       123       434     20480
   0.71146000E-09  0.20784458E+00       123       434     20480
   0.71271000E-09  0.20821768E+00       123       434     20480
   0.71396000E-09  0.20859078E+00       123       434     20480
   0.71521000E-09  0.20896388E+00       123       434     20480
   0.71646000E-09  0.20933698E+00       123       434     20480
   0.71771000E-09  0.20971008E+00       123       434     20480
   0.71896000E-09  0.21008318E+00       123       434     20480
   0.72021000E-09  0.21045628E+00       123       434     20480
   0.72146000E-09  0.21082938E+00       123       434     20480
   0.72271000E-09  0.21120248E+00       123       434     20480
   0.72396000E-09  0.21157558E+00       123       434     20480
   0.72521000E-09  0.21194868E+00       123       434     20480
   0.72646000E-09  0.21232178E+00       123       435     20480
   0.72771000E-09  0.21269488E+00       123       435     20480
   0.72896000E-09  0.21306798E+00       123       435     20480
   0.73021000E-09  0.21344108E+00       123       435     20480
   0.73146000E-09  0.21381418E+00       123       435     20480
   0.73271000E-09  0.21418728E+00       123       435     20480
   0.73396000E-09  0.21456038E+00       123       435     20480
   0.73521000E-09  0.21493348E+00       123       435     20480
   0.73646000E-09  0.21530658E+00       123       435     20480
   0.73771000E-09  0.21567968E+00       123       435     20480
   0.73896000E-09  0.21605278E+00       123       435     20480
   0.74021000E-09  0.21642588E+00       123       435     20480
   0.74146000E-09  0.21679898E+00       123       435     20480
   0.74271000E-09  0.21717208E+00       123       435     20480
   0.74396000E-09  0.21754518E+00       123       435     20480
   0.74521000E-09  0.21791828E+00       123       435     20480
   0.74646000E-09  0.21829138E+00       123       435     20480
   0.74771000E-09  0.21866448E+00       123       435     20480
   0.74896000E-09  0.21903758E+00       123       435     20480
   0.75021000E-09  0.21941068E+00       123       435     20480
   0.75146000E-09  0.21978378E+00       123       435     20480
   0.75271000E-09  0.22015688E+00       123       435     20480
   0.75396000E-09  0.22052999E+00       123       435     20480
   0.75521000E-09  0.22090309E+00       123       435     20480
   0.75646000E-09  0.22127619E+00       123       435     20480
   0.75771000E-09  0.22164929E+00       123       435     20480
   0.75896000E-09  0.22202239E+00       123       435     20480
   0.76021000E-09  0.22239549E+00       123       435     20480
   0.76146000E-09  0.22276859E+00       123       435     20480
   0.76271000E-09  0.22314169E+00       123       435     20480
   0.76396000E-09  0.22351479E+00       123       435     20480
   0.76521000E-09  0.22388789E+00       123       435     20480
   0.76646000E-09  0.22426099E+00       123       435     20480
   0.76771000E-09  0.22463409E+00       123       435     20480
   0.76896000E-09  0.22500719E+00       123       435     20480
   0.77021000E-09  0.22538029E+00       123       435     20480
   0.77146000E-09  0.22575339E+00       123       435     20480
   0.77271000E-09  0.22612649E+00       123       435     20480
   0.77396000E-09  0.22649959E+00       123       435     20480
   0.77521000E-09  0.22687269E+00       123       435     20480
   0.77646000E-09  0.22724579E+00       123       435     20480
   0.77771000E-09  0.22761889E+00       123       435     20480
   0.77896000E-09  0.22799199E+00       123       435     20480
   0.78021000E-09  0.22836509E+00       123       435     20480
   0.78146000E-09  0.22873819E+00       123       435     20480
   0.78271000E-09  0.22911129E+00       123       435     20480
   0.78396000E-09  0.22948439E+00       123       435     20480
   0.78521000E-09  0.22985749E+00       123       435     20480
   0.78646000E-09  0.23023059E+00       123       435     20480
   0.78771000E-09  0.23060369E+00       123       435     20480
   0.78896000E-09  0.23097679E+00       123       435     20480
   0.79021000E-09  0.23134989E+00       123       435     20480
   0.79146000E-09  0.23172299E+00       123       435     20480
   0.79271000E-09  0.23209609E+00       123       435     20480
   0.79396000E-09  0.23246919E+00       123       435     20480
   0.79521000E-09  0.23284229E+00       123       435     20480
   0.79646000E-09  0.23321539E+00       123       435     20480
   0.79771000E-09  0.23358849E+00       123       435     20480
   0.79896000E-09  0.23396159E+00       123       435     20480
   0.80021000E-09  0.23433469E+00       123       435     20480
   0.80146000E-09  0.23470780E+00       123       435     20480
   0.80271000E-09  0.23508090E+00       123       435     20480
   0.80396000E-09  0.23545400E+00       123       435     20480
   0.80521000E-09  0.23582710E+00       123       435     20480
   0.80646000E-09  0.23620020E+00       123       435     20480
   0.80771000E-09  0.23657330E+00       123       435     20480
   0.80896000E-09  0.23694640E+00       123       435     20480
   0.81021000E-09  0.23731950E+00       123       435     20480
   0.81146000E-09  0.23769260E+00       123       435     20480
   0.81271000E-09  0.23806570E+00       123       435     20480
   0.81396000E-09  0.23843880E+00       123       435     20480
   0.81521000E-09  0.23881190E+00       123       435     20480
   0.81646000E-09  0.23918500E+00       123       435     20480
   0.81771000E-09  0.23955810E+00       123       435     20480
   0.81896000E-09  0.23993120E+00       123       435     20480
   0.82021000E-09  0.24030430E+00       123       435     20480
   0.82146000E-09  0.24067740E+00       123       435     20480
   0.82271000E-09  0.24105050E+00       123       435     20480
   0.82396000E-09  0.24142360E+00       123       435     20480
   0.82521000E-09  0.24179670E+00       123       435     20480
   0.82646000E-09  0.24216980E+00       123       435     20480
   0.82771000E-09  0.24254290E+00       123       435     20480
   0.82896000E-09  0.24291600E+00       123       435     20480
   0.83021000E-09  0.24328910E+00       123       435     20480
   0.83146000E-09  0.24366220E+00       123       435     20480
   0.83271000E-09  0.24403530E+00       123       435     20480
   0.83396000E-09  0.24440840E+00       123       435     20480
   0.83521000E-09  0.24478150E+00       123       435     20480
   0.83646000E-09  0.24515460E+00       123       435     20480
   0.83771000E-09  0.24552770E+00       123       435     20480
   0.83896000E-09  0.24590080E+00       123       435     20480
   0.84021000E-09  0.24627390E+00       123       435     20480
   0.84146000E-09  0.24664700E+00       123       435     20480
   0.84271000E-09  0.24702010E+00       123       435     20480
   0.84396000E-09  0.24739320E+00       123       435     20480
   0.84521000E-09  0.24776630E+00       123       435     20480
   0.84646000E-09  0.24813940E+00       123       435     20480
   0.84771000E-09  0.24851250E+00       123       435     20480
   0.84896000E-09  0.24888561E+00       123       435     20480
   0.85021000E-09  0.24925871E+00       123       435     20480
   0.85146000E-09  0.24963181E+00       123       435     20480
   0.85271000E-09  0.25000491E+00       123       435     20480
   0.85396000E-09  0.25037801E+00       123       435     20480
   0.85521000E-09  0.25075111E+00       123       435     20480
   0.85646000E-09  0.25112421E+00       123       435     20480
   0.85771000E-09  0.25149731E+00       123       435     20480
   0.85896000E-09  0.25187041E+00       123       435     20480
   0.86021000E-09  0.25224351E+00       123       435     20480
   0.86146000E-09  0.25261661E+00       123       435     20480
   0.86271000E-09  0.25298971E+00       123       435     20480
   0.86396000E-09  0.25336281E+00       123       435     20480
   0.86521000E-09  0.25373591E+00       123       435     20480
   0.86646000E-09  0.25410901E+00       123       435     20480
   0.86771000E-09  0.25448211E+00       123       435     20480
   0.86896000E-09  0.25485521E+00       123       435     20480
   0.87021000E-09  0.25522831E+00       123       435     20480
   0.87146000E-09  0.25560141E+00       123       435     20480
   0.87271000E-09  0.25597451E+00       123       435     20480
   0.87396000E-09  0.25634761E+00       123       435     20480
   0.87521000E-09  0.25672071E+00       123       435     20480
   0.87646000E-09  0.25709381E+00       123       435     20480
   0.87771000E-09  0.25746691E+00       123       435     20480
   0.87896000E-09  0.25784001E+00       123       435     20480
   0.88021000E-09  0.25821311E+00       123       435     20480
   0.88146000E-09  0.25858621E+00       123       435     20480
   0.88271000E-09  0.25895931E+00       123       435     20480
   0.88396000E-09  0.25933241E+00       123       435     20480
   0.88521000E-09  0.25970551E+00       123       435     20480
   0.88646000E-09  0.26007861E+00       123       435     20480
   0.88771000E-09  0.26045171E+00       123       435     20480
   0.88896000E-09  0.26082481E+00       123       435     20480
   0.89021000E-09  0.26119791E+00       123       435     20480
   0.89146000E-09  0.26157101E+00       123       435     20480
   0.89271000E-09  0.26194411E+00       123       435     20480
   0.89396000E-09  0.26231721E+00       123       435     20480
   0.89521000E-09  0.26269031E+00       123       435     20480
   0.89646000E-09  0.26306342E+00       123       435     20480
   0.89771000E-09  0.26343652E+00       123       435     20480
   0.89896000E-09  0.26380962E+00       123       435     20480
   0.90021000E-09  0.26418272E+00       123       435     20480
   0.90146000E-09  0.26455582E+00       123       435     20480
   0.90271000E-09  0.26492892E+00       123       435     20480
   0.90396000E-09  0.26530202E+00       123       435     20480
   0.90521000E-09  0.26567512E+00       123       435     20480
   0.90646000E-09  0.26604822E+00       123       435     20480
   0.90771000E-09  0.26642132E+00       123       435     20480
   0.90896000E-09  0.26679442E+00       123       435     20480
   0.91021000E-09  0.26716752E+00       123       435     20480
   0.91146000E-09  0.26754062E+00       123       435     20480
   0.91271000E-09  0.26791372E+00       123       435     20480
   0.91396000E-09  0.26828682E+00       123       435     20480
   0.91521000E-09  0.26865992E+00       123       435     20480
   0.91646000E-09  0.26903302E+00       123       435     20480
   0.91771000E-09  0.26940612E+00       123       435     20480
   0.91896000E-09  0.26977922E+00       123       435     20480
   0.92021000E-09  0.27015232E+00       123       435     20480
   0.92146000E-09  0.27052542E+00       123       435     20480
   0.92271000E-09  0.27089852E+00       123       435     20480
   0.92396000E-09  0.27127162E+00       123       435     20480
   0.92521000E-09  0.27164472E+00       123       435     20480
   0.92646000E-09  0.27201782E+00       123       435     20480
   0.92771000E-09  0.27239092E+00       123       435     20480
   0.92896000E-09  0.27276402E+00       123       435     20480
   0.93021000E-09  0.27313712E+00       123       435     20480
   0.93146000E-09  0.27351022E+00       123       435     20480
   0.93271000E-09  0.27388332E+00       123       435     20480
   0.93396000E-09  0.27425642E+00       123       435     20480
   0.93521000E-09  0.27462952E+00       123       435     20480
   0.93646000E-09  0.27500262E+00       123       435     20480
   0.93771000E-09  0.27537572E+00       123       435     20480
   0.93896000E-09  0.27574882E+00       123       435     20480
   0.94021000E-09  0.27612192E+00       123       435     20480
   0.94146000E-09  0.27649502E+00       123       435     20480
   0.94271000E-09  0.27686812E+00       123       435     20480
   0.94396000E-09  0.27724123E+00       123       435     20480
   0.94521000E-09  0.27761433E+00       123       435     20480
   0.94646000E-09  0.27798743E+00       123       435     20480
   0.94771000E-09  0.27836053E+00       123       435     20480
   0.94896000E-09  0.27873363E+00       123       435     20480
   0.95021000E-09  0.27910673E+00       123       435     20480
   0.95146000E-09  0.27947983E+00       123       435     20480
   0.95271000E-09  0.27985293E+00       123       435     20480
   0.95396000E-09  0.28022603E+00       123       435     20480
   0.95521000E-09  0.28059913E+00       123       435     20480
   0.95646000E-09  0.28097223E+00       123       435     20480
   0.95771000E-09  0.28134533E+00       123       435     20480
   0.95896000E-09  0.28171843E+00       123       435     20480
   0.96021000E-09  0.28209153E+00       123       435     20480
   0.96146000E-09  0.28246463E+00       123       435     20480
   0.96271000E-09  0.28283773E+00       123       435     20480
   0.96396000E-09  0.28321083E+00       123       435     20480
   0.96521000E-09  0.28358393E+00       123       435     20480
   0.96646000E-09  0.28395703E+00       123       435     20480
   0.96771000E-09  0.28433013E+00       123       435     20480
   0.96896000E-09  0.28470323E+00       123       435     20480
   0.97021000E-09  0.28507633E+00       123       435     20480
   0.97146000E-09  0.28544943E+00       123       435     20480
   0.97271000E-09  0.28582253E+00       123       435     20480
   0.97396000E-09  0.28619563E+00       123       435     20480
   0.97521000E-09  0.28656873E+00       123       435     20480
   0.97646000E-09  0.28694183E+00       123       435     20480
   0.97771000E-09  0.28731493E+00       123       435     20480
   0.97896000E-09  0.28768803E+00       123       435     20480
   0.98021000E-09  0.28806113E+00       123       435     20480
   0.98146000E-09  0.28843423E+00       123       435     20480
   0.98271000E-09  0.28880733E+00       123       435     20480
   0.98396000E-09  0.28918043E+00       123       435     20480
   0.98521000E-09  0.28955353E+00       123       435     20480
   0.98646000E-09  0.28992663E+00       123       435     20480
   0.98771000E-09  0.29029973E+00       123       435     20480
   0.98896000E-09  0.29067283E+00       123       435     20480
   0.99021000E-09  0.29104593E+00       123       435     20480
   0.99146000E-09  0.29141904E+00       123       435     20480
   0.99271000E-09  0.29179214E+00       123       435     20480
   0.99396000E-09  0.29216524E+00       123       435     20480
   0.99521000E-09  0.29253834E+00       123       435     20480
   0.99646000E-09  0.29291144E+00       123       435     20480
   0.99771000E-09  0.29328454E+00       123       435     20480
   0.99896000E-09  0.29365764E+00       123       435     20480
   0.10002100E-08  0.29403074E+00       123       434     20480
   0.10014600E-08  0.29440384E+00       123       434     20480
   0.10027100E-08  0.29477694E+00       123       429     20480
   0.10039600E-08  0.29515004E+00       123       429     20480
   0.10052100E-08  0.29552314E+00       123       429     20480
   0.10064600E-08  0.29589624E+00       123       429     20480
   0.10077100E-08  0.29626934E+00       123       429     20480
   0.10089600E-08  0.29664244E+00       123       429     20480
   0.10102100E-08  0.29701554E+00       123       429     20480
   0.10114600E-08  0.29738864E+00       123       429     20480
   0.10127100E-08  0.29776174E+00       123       429     20480
   0.10139600E-08  0.29813484E+00       123       429     20480
   0.10152100E-08  0.29850794E+00       123       429     20480
   0.10164600E-08  0.29888104E+00       123       429     20480
   0.10177100E-08  0.29925414E+00       123       429     20480
   0.10189600E-08  0.29962724E+00       123       429     20480
   0.10202100E-08  0.30000034E+00       123       429     20480
   0.10214600E-08  0.30037344E+00       123       429     20480
   0.10227100E-08  0.30074654E+00       123       429     20480
   0.10239600E-08  0.30111964E+00       123       429     20480
   0.10252100E-08  0.30149274E+00       123       429     20480
   0.10264600E-08  0.30186584E+00       123       429     20480
   0.10277100E-08  0.30223894E+00       123       429     20480
   0.10289600E-08  0.30261204E+00       123       429     20480
   0.10302100E-08  0.30298514E+00       123       429     20480
   0.10314600E-08  0.30335824E+00       123       429     20480
   0.10327100E-08  0.30373134E+00       123       429     20480
   0.10339600E-08  0.30410444E+00       123       429     20480
   0.10352100E-08  0.30447754E+00       123       429     20480
   0.10364600E-08  0.30485064E+00       123       429     20480
   0.10377100E-08  0.30522374E+00       123       429     20480
   0.10389600E-08  0.30559685E+00       123       429     20480
   0.10402100E-08  0.30596995E+00       123       429     20480
   0.10414600E-08  0.30634305E+00       123       429     20480
   0.10427100E-08  0.30671615E+00       123       429     20480
   0.10439600E-08  0.30708925E+00       123       429     20480
   0.10452100E-08  0.30746235E+00       123       429     20480
   0.10464600E-08  0.30783545E+00       123       429     20480
   0.10477100E-08  0.30820855E+00       123       429     20480
   0.10489600E-08  0.30858165E+00       123       429     20480
   0.10502100E-08  0.30895475E+00       123       429     20480
   0.10514600E-08  0.30932785E+00       123       429     20480
   0.10527100E-08  0.30970095E+00       123       429     20480
   0.10539600E-08  0.31007405E+00       123       429     20480
   0.10552100E-08  0.31044715E+00       123       429     20480
   0.10564600E-08  0.31082025E+00       123       429     20480
   0.10577100E-08  0.31119335E+00       123       429     20480
   0.10589600E-08  0.31156645E+00       123       429     20480
   0.10602100E-08  0.31193955E+00       123       429     20480
   0.10614600E-08  0.31231265E+00       123       429     20480
   0.10627100E-08  0.31268575E+00       123       429     20480
   0.10639600E-08  0.31305885E+00       123       429     20480
   0.10652100E-08  0.31343195E+00       123       429     20480
   0.10664600E-08  0.31380505E+00       123       429     20480
   0.10677100E-08  0.31417815E+00       123       429     20480
   0.10689600E-08  0.31455125E+00       123       429     20480
   0.10702100E-08  0.31492435E+00       123       429     20480
   0.10714600E-08  0.31529745E+00       123       429     20480
   0.10727100E-08  0.31567055E+00       123       429     20480
   0.10739600E-08  0.31604365E+00       123       429     20480
   0.10752100E-08  0.31641675E+00       123       429     20480
   0.10764600E-08  0.31678985E+00       123       429     20480
   0.10777100E-08  0.31716295E+00       123       429     20480
   0.10789600E-08  0.31753605E+00       123       429     20480
   0.10802100E-08  0.31790915E+00       123       429     20480
   0.10814600E-08  0.31828225E+00       123       429     20480
   0.10827100E-08  0.31865535E+00       123       429     20480
   0.10839600E-08  0.31902845E+00       123       429     20480
   0.10852100E-08  0.31940156E+00       123       429     20480
   0.10864600E-08  0.31977466E+00       123       429     20480
   0.10877100E-08  0.32014776E+00       123       429     20480
   0.10889600E-08  0.32052086E+00       123       429     20480
   0.10902100E-08  0.32089396E+00       123       429     20480
   0.10914600E-08  0.32126706E+00       123       429     20480
   0.10927100E-08  0.32164016E+00       123       429     20480
   0.10939600E-08  0.32201326E+00       123       429     20480
   0.10952100E-08  0.32238636E+00       123       429     20480
   0.10964600E-08  0.32275946E+00       123       429     20480
   0.10977100E-08  0.32313256E+00       123       429     20480
   0.10989600E-08  0.32350566E+00       123       429     20480
   0.11002100E-08  0.32387876E+00       123       429     20480
   0.11014600E-08  0.32425186E+00       123       429     20480
   0.11027100E-08  0.32462496E+00       123       429     20480
   0.11039600E-08  0.32499806E+00       123       429     20480
   0.11052100E-08  0.32537116E+00       123       429     20480
   0.11064600E-08  0.32574426E+00       123       429     20480
   0.11077100E-08  0.32611736E+00       123       429     20480
   0.11089600E-08  0.32649046E+00       123       429     20480
   0.11102100E-08  0.32686356E+00       123       429     20480
   0.11114600E-08  0.32723666E+00       123       430     20480
   0.11127100E-08  0.32760976E+00       123       430     20480
   0.11139600E-08  0.32798286E+00       123       430     20480
   0.11152100E-08  0.32835596E+00       123       430     20480
   0.11164600E-08  0.32872906E+00       123       430     20480
   0.11177100E-08  0.32910216E+00       123       430     20480
   0.11189600E-08  0.32947526E+00       123       430     20480
   0.11202100E-08  0.32984836E+00       123       430     20480
   0.11214600E-08  0.33022146E+00       123       430     20480
   0.11227100E-08  0.33059456E+00       123       430     20480
   0.11239600E-08  0.33096766E+00       123       430     20480
   0.11252100E-08  0.33134076E+00       123       430     20480
   0.11264600E-08  0.33171386E+00       124       430     20480
   0.11277100E-08  0.33208696E+00       124       430     20480
   0.11289600E-08  0.33246006E+00       124       430     20480
   0.11302100E-08  0.33283316E+00       124       430     20480
   0.11314600E-08  0.33320626E+00       124       430     20480
   0.11327100E-08  0.33357937E+00       124       430     20480
   0.11339600E-08  0.33395247E+00       124       430     20480
   0.11352100E-08  0.33432557E+00       124       430     20480
   0.11364600E-08  0.33469867E+00       124       430     20480
   0.11377100E-08  0.33507177E+00       124       430     20480
   0.11389600E-08  0.33544487E+00       124       430     20480
   0.11402100E-08  0.33581797E+00       124       430     20480
   0.11414600E-08  0.33619107E+00       124       430     20480
   0.11427100E-08  0.33656417E+00       124       430     20480
   0.11439600E-08  0.33693727E+00       124       430     20480
   0.11452100E-08  0.33731037E+00       124       430     20480
   0.11464600E-08  0.33768347E+00       124       430     20480
   0.11477100E-08  0.33805657E+00       124       430     20480
   0.11489600E-08  0.33842967E+00       124       430     20480
   0.11502100E-08  0.33880277E+00       124       430     20480
   0.11514600E-08  0.33917587E+00       124       430     20480
   0.11527100E-08  0.33954897E+00       124       430     20480
   0.11539600E-08  0.33992207E+00       124       430     20480
   0.11552100E-08  0.34029517E+00       124       430     20480
   0.11564600E-08  0.34066827E+00       124       430     20480
   0.11577100E-08  0.34104137E+00       124       430     20480
   0.11589600E-08  0.34141447E+00       124       430     20480
   0.11602100E-08  0.34178757E+00       124       430     20480
   0.11614600E-08  0.34216067E+00       124       430     20480
   0.11627100E-08  0.34253377E+00       124       430     20480
   0.11639600E-08  0.34290687E+00       124       430     20480
   0.11652100E-08  0.34327997E+00       124       430     20480
   0.11664600E-08  0.34365307E+00       124       430     20480
   0.11677100E-08  0.34402617E+00       124       430     20480
   0.11689600E-08  0.34439927E+00       124       430     20480
   0.11702100E-08  0.34477237E+00       124       430     20480
   0.11714600E-08  0.34514547E+00       124       430     20480
   0.11727100E-08  0.34551857E+00       124       430     20480
   0.11739600E-08  0.34589167E+00       124       430     20480
   0.11752100E-08  0.34626477E+00       124       430     20480
   0.11764600E-08  0.34663787E+00       124       430     20480
   0.11777100E-08  0.34701097E+00       124       430     20480
   0.11789600E-08  0.34738407E+00       124       430     20480
   0.11802100E-08  0.34775718E+00       124       430     20480
   0.11814600E-08  0.34813028E+00       124       430     20480
   0.11827100E-08  0.34850338E+00       124       430     20480
   0.11839600E-08  0.34887648E+00       124       430     20480
   0.11852100E-08  0.34924958E+00       124       430     20480
   0.11864600E-08  0.34962268E+00       124       430     20480
   0.11877100E-08  0.34999578E+00       124       430     20480
   0.11889600E-08  0.35036888E+00       124       430     20480
   0.11902100E-08  0.35074198E+00       124       430     20480
   0.11914600E-08  0.35111508E+00       124       430     20480
   0.11927100E-08  0.35148818E+00       124       430     20480
   0.11939600E-08  0.35186128E+00       124       430     20480
   0.11952100E-08  0.35223438E+00       124       430     20480
   0.11964600E-08  0.35260748E+00       124       430     20480
   0.11977100E-08  0.35298058E+00       124       430     20480
   0.11989600E-08  0.35335368E+00       124       430     20480
   0.12002100E-08  0.35372678E+00       124       430     20480
   0.12014600E-08  0.35409988E+00       124       430     20480
   0.12027100E-08  0.35447298E+00       124       430     20480
   0.12039600E-08  0.35484608E+00       124       430     20480
   0.12052100E-08  0.35521918E+00       124       430     20480
   0.12064600E-08  0.35559228E+00       124       430     20480
   0.12077100E-08  0.35596538E+00       124       430     20480
   0.12089600E-08  0.35633848E+00       124       430     20480
   0.12102100E-08  0.35671158E+00       124       430     20480
   0.12114600E-08  0.35708468E+00       124       430     20480
   0.12127100E-08  0.35745778E+00       124       431     20480
   0.12139600E-08  0.35783088E+00       124       431     20480
   0.12152100E-08  0.35820398E+00       124       431     20480
   0.12164600E-08  0.35857708E+00       124       431     20480
   0.12177100E-08  0.35895018E+00       124       431     20480
   0.12189600E-08  0.35932328E+00       124       431     20480
   0.12202100E-08  0.35969638E+00       124       431     20480
   0.12214600E-08  0.36006948E+00       124       431     20480
   0.12227100E-08  0.36044258E+00       124       431     20480
   0.12239600E-08  0.36081568E+00       124       431     20480
   0.12252100E-08  0.36118878E+00       124       431     20480
   0.12264600E-08  0.36156188E+00       124       431     20480
   0.12277100E-08  0.36193499E+00       124       431     20480
   0.12289600E-08  0.36230809E+00       124       431     20480
   0.12302100E-08  0.36268119E+00       124       431     20480
   0.12314600E-08  0.36305429E+00       124       431     20480
   0.12327100E-08  0.36342739E+00       124       431     20480
   0.12339600E-08  0.36380049E+00       124       431     20480
   0.12352100E-08  0.36417359E+00       124       431     20480
   0.12364600E-08  0.36454669E+00       124       431     20480
   0.12377100E-08  0.36491979E+00       124       431     20480
   0.12389600E-08  0.36529289E+00       124       431     20480
   0.12402100E-08  0.36566599E+00       124       431     20480
   0.12414600E-08  0.36603909E+00       124       431     20480
   0.12427100E-08  0.36641219E+00       124       431     20480
   0.12439600E-08  0.36678529E+00       124       431     20480
   0.12452100E-08  0.36715839E+00       124       431     20480
   0.12464600E-08  0.36753149E+00       124       431     20480
   0.12477100E-08  0.36790459E+00       124       431     20480
   0.12489600E-08  0.36827769E+00       124       431     20480
   0.12502100E-08  0.36865079E+00       124       431     20480
   0.12514600E-08  0.36902389E+00       124       431     20480
   0.12527100E-08  0.36939699E+00       124       431     20480
   0.12539600E-08  0.36977009E+00       124       431     20480
   0.12552100E-08  0.37014319E+00       124       431     20480
   0.12564600E-08  0.37051629E+00       124       431     20480
   0.12577100E-08  0.37088939E+00       124       431     20480
   0.12589600E-08  0.37126249E+00       124       431     20480
   0.12602100E-08  0.37163559E+00       124       431     20480
   0.12614600E-08  0.37200869E+00       124       431     20480
   0.12627100E-08  0.37238179E+00       124       431     20480
   0.12639600E-08  0.37275489E+00       124       431     20480
   0.12652100E-08  0.37312799E+00       124       431     20480
   0.12664600E-08  0.37350109E+00       124       431     20480
   0.12677100E-08  0.37387419E+00       124       431     20480
   0.12689600E-08  0.37424729E+00       124       431     20480
   0.12702100E-08  0.37462039E+00       124       431     20480
   0.12714600E-08  0.37499349E+00       124       431     20480
   0.12727100E-08  0.37536659E+00       124       431     20480
   0.12739600E-08  0.37573969E+00       124       431     20480
   0.12752100E-08  0.37611280E+00       124       431     20480
   0.12764600E-08  0.37648590E+00       124       431     20480
   0.12777100E-08  0.37685900E+00       124       431     20480
   0.12789600E-08  0.37723210E+00       124       431     20480
   0.12802100E-08  0.37760520E+00       124       431     20480
   0.12814600E-08  0.37797830E+00       124       431     20480
   0.12827100E-08  0.37835140E+00       124       431     20480
   0.12839600E-08  0.37872450E+00       124       431     20480
   0.12852100E-08  0.37909760E+00       124       431     20480
   0.12864600E-08  0.37947070E+00       124       431     20480
   0.12877100E-08  0.37984380E+00       124       431     20480
   0.12889600E-08  0.38021690E+00       124       431     20480
   0.12902100E-08  0.38059000E+00       124       431     20480
   0.12914600E-08  0.38096310E+00       124       431     20480
   0.12927100E-08  0.38133620E+00       124       431     20480
   0.12939600E-08  0.38170930E+00       124       431     20480
   0.12952100E-08  0.38208240E+00       124       431     20480
   0.12964600E-08  0.38245550E+00       124       431     20480
   0.12977100E-08  0.38282860E+00       124       431     20480
   0.12989600E-08  0.38320170E+00       124       431     20480
   0.13002100E-08  0.38357480E+00       124       431     20480
   0.13014600E-08  0.38394790E+00       124       431     20480
   0.13027100E-08  0.38432100E+00       124       431     20480
   0.13039600E-08  0.38469410E+00       124       431     20480
   0.13052100E-08  0.38506720E+00       124       431     20480
   0.13064600E-08  0.38544030E+00       124       431     20480
   0.13077100E-08  0.38581340E+00       124       431     20480
   0.13089600E-08  0.38618650E+00       124       431     20480
   0.13102100E-08  0.38655960E+00       124       431     20480
   0.13114600E-08  0.38693270E+00       124       431     20480
   0.13127100E-08  0.38730580E+00       124       431     20480
   0.13139600E-08  0.38767890E+00       124       431     20480
   0.13152100E-08  0.38805200E+00       124       431     20480
   0.13164600E-08  0.38842510E+00       124       431     20480
   0.13177100E-08  0.38879820E+00       124       431     20480
   0.13189600E-08  0.38917130E+00       124       431     20480
   0.13202100E-08  0.38954440E+00       124       431     20480
   0.13214600E-08  0.38991751E+00       124       431     20480
   0.13227100E-08  0.39029061E+00       124       431     20480
   0.13239600E-08  0.39066371E+00       124       432     20480
   0.13252100E-08  0.39103681E+00       124       432     20480
   0.13264600E-08  0.39140991E+00       124       432     20480
   0.13277100E-08  0.39178301E+00       124       432     20480
   0.13289600E-08  0.39215611E+00       124       432     20480
   0.13302100E-08  0.39252921E+00       124       432     20480
   0.13314600E-08  0.39290231E+00       124       432     20480
   0.13327100E-08  0.39327541E+00       124       432     20480
   0.13339600E-08  0.39364851E+00       124       432     20480
   0.13352100E-08  0.39402161E+00       124       432     20480
   0.13364600E-08  0.39439471E+00       124       432     20480
   0.13377100E-08  0.39476781E+00       124       432     20480
   0.13389600E-08  0.39514091E+00       124       432     20480
   0.13402100E-08  0.39551401E+00       124       432     20480
   0.13414600E-08  0.39588711E+00       124       432     20480
   0.13427100E-08  0.39626021E+00       124       432     20480
   0.13439600E-08  0.39663331E+00       124       432     20480
   0.13452100E-08  0.39700641E+00       124       432     20480
   0.13464600E-08  0.39737951E+00       124       432     20480
   0.13477100E-08  0.39775261E+00       124       432     20480
   0.13489600E-08  0.39812571E+00       124       432     20480
   0.13502100E-08  0.39849881E+00       124       432     20480
   0.13514600E-08  0.39887191E+00       124       432     20480
   0.13527100E-08  0.39924501E+00       124       432     20480
   0.13539600E-08  0.39961811E+00       124       432     20480
   0.13552100E-08  0.39999121E+00       124       432     20480
